287859992	2455	12	27	1571469455
737133529	999	9	21	1571445190
1477610528	690	9	35	1567185316
3345806534	334	14	23	1569238922
724670950	20240	3	8	1570801722
2622791546	1303	1	14	1571101844
3052016962	4798	14	55	1567137239
2518600540	90283	16	37	1571156155
2569799638	237	13	57	1570017096
2829549809	627	0	2	1570910684
2370812473	1295	9	36	1570206198
89102296	0	17	61	1571235168
2511179580	2882	10	39	1571402435
1446528522	1318	9	24	1570842678
978938951	877	0	0	1570065340
1158208036	641	3	8	1569420490
717179309	214	2	7	1569975926
1574774515	47470390	13	12	1571444409
1350113993	931	8	16	1569590268
2537413810	48	1	0	1569238933
1511487272	199	5	14	1570804249
3474385370	840	0	11	1570887039
591892221	94	0	0	1566827652
3341017469	51015905	15	53	1570114826
781921884	741	2	23	1571184287
2511366163	4847328	10	15	1570804107
768633094	199	1	3	1568136178
3618436516	1000363	3	5	1570716421
3521162753	45	0	1	1566932225
1033193122	0	0	3	1546272000
3523154146	1745	7	8	1571358199
1416061161	21	1	4	1546272000
1270880076	4214	26	44	1571070474
1024040012	406	0	3	1570841526
1085739055	502	1	7	1568935926
1814206081	601	0	5	1570178052
596717221	10	0	0	1546272000
1061362027	4055	4	40	1571184224
2104205032	740	1	7	1570885824
3072029680	1497	2	28	1570954477
1306754846	239	2	7	1571404242
374245120	317	4	24	1569557362
1134848612	357	0	7	1569509242
909523591	56	4	9	1570548723
370694382	128	0	0	1569034078
1494697825	302841	42	81	1571445093
1150043140	676	2	5	1570801262
2955779458	964950	15	55	1567384842
3269987801	1362	2	17	1571188432
470984335	566	15	38	1568123225
657396598	440	0	2	1571279758
1994486824	190	1	0	1568337109
2398210006	21	0	17	1566911561
2981148659	1192	8	28	1570939784
774628874	1015	1	2	1570335204
3126991998	0	168	463	1570801424
496940930	85189	6	10	1571126607
799683924	31	7	26	1571404231
704098083	1351	3	12	1571102432
924467677	459	1	4	1569250816
1051519432	2195	1	8	1571276209
455325678	58	0	0	1566969200
1069804312	774	1	2	1569290061
571536423	615	7	16	1571269038
2434050729	278	0	2	1568471051
569533465	435	0	1	1569034818
2066617015	45	0	2	1566997480
925323274	992	1	10	1571444330
1176102224	133	1	5	1567761578
1095436646	10	0	0	1546272000
1605253644	25	1	1	1566997996
1744271726	60	1	0	1566998163
1612672240	310	0	2	1570595485
454315710	3449	43	56	1571449050
310410367	86	1	8	1567068557
1872707008	961	0	5	1571318129
3201462459	1842	12	23	1571459563
2172880879	142	1	3	1567109240
2462833461	1010	0	5	1571183590
3234898162	0	0	1	1546272000
937200209	117	0	2	1567346738
905255696	208	0	3	1570492236
2865877919	1155	0	0	1571184850
1256307496	276	3	4	1570371143
402096722	258	0	4	1568168181
1933809748	149	1	0	1569642239
1135071460	65	0	2	1567087095
1305820757	29	0	0	1567092236
502869798	473	2	3	1569908909
1415314200	53	0	0	1567109225
2503604901	42	0	0	1567125260
791937373	490	1	0	1571183808
1794614276	0	0	3	1546272000
2682034421	1446	13	16	1570885717
1683941741	913	0	7	1571157629
2676325434	2944	34	34	1571307713
348908568	228	0	8	1569717902
2832639556	261	2	4	1567173903
2571183922	0	0	2	1546272000
1084479819	1547	7	18	1570681510
1574232698	31	1	3	1567174396
2635074347	0	0	4	1567174395
348026841	3	0	3	1546272000
3357505199	2908	4	15	1571269784
997396540	141	1	0	1567872622
981603518	1496	9	14	1571414547
1715392663	2227	7	28	1570936457
2962062956	2075	14	19	1571187752
1625599795	610	1	3	1570721951
1009614580	369	0	4	1569453637
2659436828	237	1	4	1570583895
912129066	166	0	0	1567438215
1904182113	76	0	0	1567354743
909202033	66	0	0	1567355113
1192939277	351	0	0	1569771042
2524089674	237	0	16	1570335075
1095247919	931	0	0	1570586691
1191418598	211	0	0	1571182367
2671208675	223	0	5	1570528144
2150779214	430	0	0	1570213925
2629553468	65	0	0	1567859648
1781585535	1389	6	10	1569065204
1843045440	338	3	12	1570717852
188497989	182	0	0	1569424512
820257099	315	0	0	1571443049
1290771961	647	0	0	1571348571
1458435193	884	3	6	1571373769
1018680818	91	0	1	1568199426
2110693859	42	0	0	1568199484
2306679675	414	24	4323	1571414604
2485912153	446	1	0	1570681013
815124113	266	0	0	1570033939
3299147974	666	0	0	1570980655
1500396250	56	0	0	1568265959
1486136296	2390	3	5	1571328078
1095903630	677	12	30	1571364232
1225024311	1447	20	172	1571459626
1797449057	1428	9	40	1571414928
1329627223	317	0	0	1570979568
1375589010	453	3	5	1570112263
2442758852	205	0	0	1568482136
2059295635	2738	28	38	1571479906
2434471411	161	1	3	1568551160
1774662798	1150	3	11	1571095867
2574285198	344	3	9	1571053984
2643964199	776	20	89	1571095329
2074115253	73	5	28	1571095879
782271331	1487	7	17	1571192292
616784310	580	28	106	1571479816
1260396050	458	0	0	1569852882
1106762691	648	3	13	1571241995
1140319893	256	0	1	1571365015
1071257370	212	0	0	1570553939
1587456922	513	2	2	1570854222
895459297	215	3	9	1571459603
2286569468	205	1	3	1570164250
929835595	163	1	9	1571213710
3051276595	263	0	0	1571364324
2766811296	105	0	0	1568968604
1744861998	210	0	0	1570981954
843475418	1389	4	19	1571442874
724962917	164	0	0	1569295570
2523780959	0	0	1	1546272000
2570610059	197	0	3	1571475182
352740155	62	5	3	1571414618
776328059	60	0	0	1569366886
726373175	123	0	0	1569456726
785521385	1540	25	25	1571458709
523458607	72	12	34	1571474945
1458312942	0	0	12	1571321734
1303299162	1286	22	33	1571421555
1849041167	83	0	0	1569598703
1395582206	1215	5	16	1571454760
309173017	90	0	2	1569979101
1838341977	41	0	1	1570015801
785413451	47	0	1	1571373854
2845177909	849	4	18	1571313802
2992711807	8	0	1	1546272000
321560159	204	0	4	1569866544
564693678	21	1	0	1546272000
1598739740	256	0	0	1570435294
1057389725	289	0	1	1571400811
865673622	0	0	1	1546272000
3362619643	96	0	0	1570155227
2366679925	262	0	0	1570990356
1046014962	144	0	0	1570059597
3448842412	175	0	0	1570118846
1425887709	52	0	0	1570015642
1285676148	106	0	0	1570033287
3144912794	160	0	0	1570980073
937453702	226	0	0	1570853695
2723944982	112	0	0	1570198351
2229605146	137	0	0	1570413652
867486680	0	1	1	1571317449
1184257335	182	2	3	1570352336
1171307417	88	0	0	1570270660
781680399	161	1	1	1571095313
897683120	142	2	4	1570361046
2040712047	115	0	0	1570384912
2055269863	87	0	0	1570440788
604339698	93	0	0	1570817281
499854030	92	1	7	1570453372
2510985155	79	2	5	1570453494
214943492	41	2	7	1570453486
1427162342	11	2	2	1546272000
2789785806	14	1	1	1546272000
2019156896	4	0	2	1546272000
1326687442	10	0	0	1546272000
2669567343	21	0	3	1570465465
1053820776	147	0	0	1570595575
1207203712	136	0	0	1570935869
490394856	149	0	0	1570809966
1505979366	165	1	3	1571415560
1303992471	12	1	0	1546272000
2569545112	326	4	12	1571358145
1002278219	10	0	0	1546272000
2044929643	93	0	0	1570803326
2481179905	80	1	2	1570803814
2875482724	402	0	0	1571444209
1773812527	61	0	0	1570982546
2244274567	467	0	0	1571361534
3486125	87	0	0	1571111140
1611907552	164	0	0	1571367861
1308552121	90	0	0	1571224303
1502518064	85	0	0	1571155827
2364557193	71	0	0	1571183408
958139499	41	0	0	1571224428
482840940	87	0	0	1571224477
1397563841	115	0	0	1571317473
2021830965	162	0	1	1571317431
1548079848	74	0	0	1571358211
275201123	102	0	0	1571364284
951992395	102	0	0	1571400829
3169371298	80	0	0	1571404261
779855177	89	0	0	1571473328
